 100099585    739476
 100017914     50104
 100021155    703814
 100099271     56551
 100024277    876928
 100090628    269462
 100057197    788897
 100041631    367816
 100086434    277289
 100040990    280118
 100080970    207752
 100057014    808487
 100096382    983360
 100029821    871400
 100085082    140153
 100063639    309801
 100051169    572193
 100051469    227444
 100066686    468669
 100055005    138826
 100065285     75025
 100006346    553436
 100016471     48168
 100036563    155107
 100022692    682369
 100076482    874460
 100079403    984342
 100009531    412068
 100015293    521610
 100004916    509099
 100089376    124334
 100043715    688024
 100016079    449136
 100002930      2041
 100077599    578656
 100035216    191781
 100030204    189024
 100038978    646193
 100085682    834088
 100030903    813067
 100098567    635443
 100032985     69750
 100040133     85194
 100069502    331170
 100027062    676523
 100088926    209895
 100021864    499414
 100070912     78238
 100067184    638195
 100010029    984348
 100048938    669347
 100049478    652748
 100097214    810657
 100031408    547112
 100003999    652565
 100004493    777428
 100085422    130933
 100099559    158359
 100080091     15576
 100072198     60342
 100061419    929881
 100001697    623791
 100020277    432356
 100053393    979471
 100035622     93280
 100069728    582256
 100050308    725177
 100051873    869843
 100090864    142536
 100092537    359574
 100091876    225506
 100025306     55122
 100076284    358202
 100059473    995347
 100053170    762164
 100010389    263861
 100026337    964679
 100055008    813207
 100079019    600653
 100029883    144127
 100017270    940714
 100020753    777354
 100088401    812439
 100045701    882190
 100099924       650
 100085024    795982
 100035685    381252
 100016546     39000
 100062167     53622
 100099258      2047
 100013165    808657
 100050705    456689
 100022589    527273
 100064448    204788
 100059183    712196
 100066146    218561
 100019780     70469
 100080035    147581
 100022164      5744
 100034360    564432
 100051152     33561
 100033225    171876
 100076806    544686
 100050665    667900
 100097858    959197
 100089766    385070
 100032977    568611
 100018012    535103
 100097697    860787
 100088868    221337
 100044997    913983
 100085769    959659
 100017173    992293
 100054779    910813
 100072433    151673
 100089148    204399
 100048070    612715
 100044088    983789
 100083465    110997
 100034130    909713
 100084545    384292
 100064698    501877
 100076609    271648
 100018586    931507
 100001235    902553
 100000880    917467
 100050160    569840
 100091541    318288
 100043115    796671
 100021020    920511
 100071630    342246
 100079606    477757
 100045531    743219
 100062706    747260
 100063509    321005
 100070051    138858
 100007320    194045
 100087481    474471
 100076482    234170
 100096721    618912
 100034229    896207
 100048456    360781
 100068725    214411
 100072075    647811
 100079179    962437
 100067114    878518
 100075212    389098
 100024554    790415
 100007540    162085
 100075418     98470
 100072492    118249
 100026014    705949
 100025995    548062
 100033863    400600
 100012600      1702
 100044579    452188
 100081677     55242
 100049456     16771
 100061399    137798
 100000908     66905
 100061658    171117
 100065353    983575
 100025777    196794
 100016348    501562
 100019092    104117
 100000404    188734
 100095410     23999
 100032615    598076
 100067965     98490
 100011912    780381
 100033510      6551
 100098325    613690
 100055517    575805
 100062797    395602
 100086394     48339
 100051679    692711
 100085242    967914
 100043101     84405
 100031745    914826
 100069616    612560
 100093854     91735
 100036517    662745
 100078476    863200
 100052612     62364
 100008980    258501
 100081377    122185
 100077232    548034
 100054795    526477
 100055307    511644
 100072418     88141
 100014756    333350
 100073063    897471
 100090673    527536
 100069483    111908
 100065983    923341
 100094153    820134
 100088696     39616
 100037967    609546
 100081694    573763
 100078871     32721
